00000000000000000000000000000000001100000000000000000000000000000000000000000000000000000000000000000000000000000000000000000000
00000000001100000000000000000000001100000000000000000000000000000000000000000000000000000000000000000000000000000000000000000000
00000000011110001101100001101100011110000110000000111000110000000000110011000000000000000000000000000000000000000000000000001100
00000000011110001101100001101100110011001001001001101100110000000001100001100000000000000000000000000000000000000000000000001100
00000000011110000100100011111110110011001001010001101100010000000011000000110000011001100011000000000000000000000000000000011000
00000000001100001001000001101100110000000110100000111000100000000011000000110000001111000011000000000000000000000000000000011000
00000000001100000000000001101100011110000001000001110000000000000011000000110000111111111111110000000000111111000000000000110000
00000000001100000000000001101100000011000010110011011110000000000011000000110000001111000011000000000000000000000000000000110000
00000000000000000000000011111110110011000101001011001100000000000011000000110000011001100011000000000000000000000000000001100000
00000000001100000000000001101100110011001001001011001100000000000001100001100000000000000000000011000000000000001100000001100000
00000000001100000000000001101100011110000000110001110110000000000000110011000000000000000000000011000000000000001100000011000000
00000000000000000000000000000000001100000000000000000000000000000000000000000000000000000000000001000000000000000000000011000000
00000000000000000000000000000000001100000000000000000000000000000000000000000000000000000000000010000000000000000000000000000000
00000000000000000000000000000000000000000000000000000000000000000000000000000000000000000000000000000000000000000000000000000000
00000000000000000000000000000000000000000000000000000000000000000000000000000000000000000000000000000000000000000000000000000000
00000000000000000000000000000000000000000000000000000000000000000000000000000000000000000000000000000000000000000000000000000000
00000000000000000000000000000000000000000000000000000000000000000000000000000000000000000000000000000000000000000000000000000000
00000000000000000000000000000000000000000000000000000000000000000000000000000000000000000000000000000000000000000000000000000000
01111000001100000111100001111000000011001111110000111100111111000111100001111000000000000000000000001000000000000100000001111000
11001100111100001100110011001100000111001100000001100000000011001100110011001100000000000000000000011000000000000110000011001100
11011100001100001100110011001100001111001100000011000000000011001100110011001100001100000011000000110000000000000011000011001100
11011100001100000000110000001100011011001100000011000000000110001100110011001100001100000011000001100000111111000001100000011000
11111100001100000001100000111000110011001111100011111000000110000111100001111100000000000000000011000000000000000000110000110000
11101100001100000011000000001100110011000000110011001100001100001100110000001100000000000000000001100000111111000001100000110000
11101100001100000110000011001100111111001100110011001100001100001100110000001100000000000000000000110000000000000011000000000000
11001100001100001100000011001100000011001100110011001100001100001100110000011000001100000011000000011000000000000110000000110000
01111000111111001111110001111000000011000111100001111000001100000111100001110000001100000011000000001000000000000100000000110000
00000000000000000000000000000000000000000000000000000000000000000000000000000000000000000001000000000000000000000000000000000000
00000000000000000000000000000000000000000000000000000000000000000000000000000000000000000010000000000000000000000000000000000000
00000000000000000000000000000000000000000000000000000000000000000000000000000000000000000000000000000000000000000000000000000000
00000000000000000000000000000000000000000000000000000000000000000000000000000000000000000000000000000000000000000000000000000000
00000000000000000000000000000000000000000000000000000000000000000000000000000000000000000000000000000000000000000000000000000000
00000000000000000000000000000000000000000000000000000000000000000000000000000000000000000000000000000000000000000000000000000000
00000000000000000000000000000000000000000000000000000000000000000000000000000000000000000000000000000000000000000000000000000000
01111000011110001111100001111000111110001111110011111100011110001100110011111100001111001100110011000000100000101100110001111000
11001100110011001100110011001100110011001100000011000000110011001100110000110000000011001100110011000000110001101100110011001100
11001100110011001100110011001100110011001100000011000000110011001100110000110000000011001101100011000000111011101110110011001100
11011100110011001100110011000000110011001100000011000000110000001100110000110000000011001101100011000000111111101110110011001100
11011100110011001111100011000000110011001111100011111000110111001111110000110000000011001111000011000000110101101101110011001100
11011100111111001100110011000000110011001100000011000000110011001100110000110000000011001101100011000000110001101101110011001100
11000000110011001100110011001100110011001100000011000000110011001100110000110000110011001101100011000000110001101100110011001100
11000000110011001100110011001100110011001100000011000000110011001100110000110000110011001100110011000000110001101100110011001100
01111100110011001111100001111000111110001111110011000000011110001100110011111100011110001100110011111100110001101100110001111000
00000000000000000000000000000000000000000000000000000000000000000000000000000000000000000000000000000000000000000000000000000000
00000000000000000000000000000000000000000000000000000000000000000000000000000000000000000000000000000000000000000000000000000000
00000000000000000000000000000000000000000000000000000000000000000000000000000000000000000000000000000000000000000000000000000000
00000000000000000000000000000000000000000000000000000000000000000000000000000000000000000000000000000000000000000000000000000000
00000000000000000000000000000000000000000000000000000000000000000000000000000000000000000000000000000000000000000000000000000000
00000000000000000000000000000000000000000000000000000000000000000000000000000000000000000000000000000000000000000000000000000000
00000000000000000000000000000000000000000000000000000000000000000000000000000000000000000000000000000000000000000011000000000000
11111000011110001111100001111000111111001100110011001100110001101100110011001100111111000011110011000000111100000111100000000000
11001100110011001100110011001100001100001100110011001100110001101100110011001100000011000011000011000000001100001100110000000000
11001100110011001100110011001100001100001100110011001100110101100111100011001100000011000011000001100000001100001000010000000000
11001100110011001100110011000000001100001100110011001100110101100111100011001100000110000011000001100000001100000000000000000000
11111000110011001111100001111000001100001100110011001100110101100011000001111000001100000011000000110000001100000000000000000000
11000000110011001100110000001100001100001100110001111000110101100111100000110000011000000011000000110000001100000000000000000000
11000000110011001100110011001100001100001100110001111000110101100111100000110000110000000011000000011000001100000000000000000000
11000000110011001100110011001100001100001100110000110000011011001100110000110000110000000011000000011000001100000000000000000000
11000000011110001100110001111000001100000111100000110000011011001100110000110000111111000011110000001100111100000000000000000000
00000000001100000000000000000000000000000000000000000000000000000000000000000000000000000000000000001100000000000000000011111100
00000000000111000000000000000000000000000000000000000000000000000000000000000000000000000000000000000000000000000000000000000000
00000000000000000000000000000000000000000000000000000000000000000000000000000000000000000000000000000000000000000000000000000000
00000000000000000000000000000000000000000000000000000000000000000000000000000000000000000000000000000000000000000000000000000000
00000000000000000000000000000000000000000000000000000000000000000000000000000000000000000000000000000000000000000000000000000000
00000000000000000000000000000000000000000000000000000000000000000000000000000000000000000000000000000000000000000000000000000000
00000000000000000000000000000000000000000000000000000000000000000000000000110000000011000000000000000000000000000000000000000000
11000000000000001100000000000000000011000000000000011100000000001100000000110000000011001100000011110000000000000000000000000000
01100000000000001100000000000000000011000000000000110000000000001100000000000000000000001100000000110000000000000000000000000000
00000000011110001111100001111000011111000111100000110000011111001111100011110000001111001100110000110000111011001111100001111000
00000000110011001100110011001100110011001100110011111100110011001100110000110000000011001100110000110000111111101100110011001100
00000000000011001100110011001100110011001100110000110000110011001100110000110000000011001101100000110000110101101100110011001100
00000000011111001100110011000000110011001111110000110000110011001100110000110000000011001111000000110000110101101100110011001100
00000000110011001100110011001100110011001100000000110000110011001100110000110000000011001101100000110000110101101100110011001100
00000000110011001100110011001100110011001100110000110000110011001100110000110000000011001100110000110000110101101100110011001100
00000000011111001111100001111000011111000111100000110000011111001100110011111100000011001100110011111100110001101100110001111000
00000000000000000000000000000000000000000000000000000000000011000000000000000000000011000000000000000000000000000000000000000000
00000000000000000000000000000000000000000000000000000000110011000000000000000000110011000000000000000000000000000000000000000000
00000000000000000000000000000000000000000000000000000000011110000000000000000000011110000000000000000000000000000000000000000000
00000000000000000000000000000000000000000000000000000000000000000000000000000000000000000000000000000000000000000000000000000000
00000000000000000000000000000000000000000000000000000000000000000000000000000000000000000000000000000000000000000000000000000000
00000000000000000000000000000000000000000000000000000000000000000000000000000000000000000000000000000000000000000000000000000000
00000000000000000000000000000000000000000000000000000000000000000000000000000000000000000000000000000000000000000000000000000000
00000000000000000000000000000000001100000000000000000000000000000000000000000000000000000001110000110000111000000000000000000000
00000000000000000000000000000000001100000000000000000000000000000000000000000000000000000011000000110000001100000000000000000000
11111000011111001111100001111000111111001100110011001100110001101100110011001100111111000011000000110000001100000000000000000000
11001100110011001100110011001100001100001100110011001100110101101100110011001100000011000011000000110000001100000000000000000000
11001100110011001100110011000000001100001100110011001100110101100111100011001100000110000110000000110000000110000111011000000000
11001100110011001100000001111000001100001100110001111000110101100011000011001100001100000011000000110000001100001101110000000000
11001100110011001100000000001100001100001100110001111000110101100111100011001100011000000011000000110000001100000000000000000000
11001100110011001100000011001100001100001100110000110000011011001100110011001100110000000011000000110000001100000000000000000000
11111000011111001100000001111000000111000111110000110000011011001100110001111100111111000001110000110000111000000000000000000000
11000000000011000000000000000000000000000000000000000000000000000000000000001100000000000000000000000000000000000000000000000000
11000000000011000000000000000000000000000000000000000000000000000000000011001100000000000000000000000000000000000000000000000000
11000000000011000000000000000000000000000000000000000000000000000000000001111000000000000000000000000000000000000000000000000000
00000000000000000000000000000000000000000000000000000000000000000000000000000000000000000000000000000000000000000000000000000000
00000000000000000000000000000000000000000000000000000000000000000000000000000000000000000000000000000000000000000000000000000000
