 :
00000000
00000000
00000000
00000000
00000000
00000000
00000000
00000000
00000000
00000000
00000000
00000000
00000000
00000000
00000000
00000000
!:
00000000
00110000
01111000
01111000
01111000
00110000
00110000
00110000
00000000
00110000
00110000
00000000
00000000
00000000
00000000
00000000
":
00000000
00000000
11011000
11011000
01001000
10010000
00000000
00000000
00000000
00000000
00000000
00000000
00000000
00000000
00000000
00000000
#:
00000000
00000000
01101100
01101100
11111110
01101100
01101100
01101100
11111110
01101100
01101100
00000000
00000000
00000000
00000000
00000000
$:
00110000
00110000
01111000
11001100
11001100
11000000
01111000
00001100
11001100
11001100
01111000
00110000
00110000
00000000
00000000
00000000
%:
00000000
00000000
01100000
10010010
10010100
01101000
00010000
00101100
01010010
10010010
00001100
00000000
00000000
00000000
00000000
00000000
&:
00000000
00000000
00111000
01101100
01101100
00111000
01110000
11011110
11001100
11001100
01110110
00000000
00000000
00000000
00000000
00000000
':
00000000
00000000
11000000
11000000
01000000
10000000
00000000
00000000
00000000
00000000
00000000
00000000
00000000
00000000
00000000
00000000
(:
00000000
00000000
00001100
00011000
00110000
00110000
00110000
00110000
00110000
00011000
00001100
00000000
00000000
00000000
00000000
00000000
):
00000000
00000000
11000000
01100000
00110000
00110000
00110000
00110000
00110000
01100000
11000000
00000000
00000000
00000000
00000000
00000000
*:
00000000
00000000
00000000
00000000
01100110
00111100
11111111
00111100
01100110
00000000
00000000
00000000
00000000
00000000
00000000
00000000
+:
00000000
00000000
00000000
00000000
00110000
00110000
11111100
00110000
00110000
00000000
00000000
00000000
00000000
00000000
00000000
00000000
,:
00000000
00000000
00000000
00000000
00000000
00000000
00000000
00000000
00000000
11000000
11000000
01000000
10000000
00000000
00000000
00000000
-:
00000000
00000000
00000000
00000000
00000000
00000000
11111100
00000000
00000000
00000000
00000000
00000000
00000000
00000000
00000000
00000000
.:
00000000
00000000
00000000
00000000
00000000
00000000
00000000
00000000
00000000
11000000
11000000
00000000
00000000
00000000
00000000
00000000
/:
00000000
00000000
00001100
00001100
00011000
00011000
00110000
00110000
01100000
01100000
11000000
11000000
00000000
00000000
00000000
00000000
0:
00000000
00000000
01111000
11001100
11011100
11011100
11111100
11101100
11101100
11001100
01111000
00000000
00000000
00000000
00000000
00000000
1:
00000000
00000000
00110000
11110000
00110000
00110000
00110000
00110000
00110000
00110000
11111100
00000000
00000000
00000000
00000000
00000000
2:
00000000
00000000
01111000
11001100
11001100
00001100
00011000
00110000
01100000
11000000
11111100
00000000
00000000
00000000
00000000
00000000
3:
00000000
00000000
01111000
11001100
11001100
00001100
00111000
00001100
11001100
11001100
01111000
00000000
00000000
00000000
00000000
00000000
4:
00000000
00000000
00001100
00011100
00111100
01101100
11001100
11001100
11111100
00001100
00001100
00000000
00000000
00000000
00000000
00000000
5:
00000000
00000000
11111100
11000000
11000000
11000000
11111000
00001100
11001100
11001100
01111000
00000000
00000000
00000000
00000000
00000000
6:
00000000
00000000
00111100
01100000
11000000
11000000
11111000
11001100
11001100
11001100
01111000
00000000
00000000
00000000
00000000
00000000
7:
00000000
00000000
11111100
00001100
00001100
00011000
00011000
00110000
00110000
00110000
00110000
00000000
00000000
00000000
00000000
00000000
8:
00000000
00000000
01111000
11001100
11001100
11001100
01111000
11001100
11001100
11001100
01111000
00000000
00000000
00000000
00000000
00000000
9:
00000000
00000000
01111000
11001100
11001100
11001100
01111100
00001100
00001100
00011000
01110000
00000000
00000000
00000000
00000000
00000000
::
00000000
00000000
00000000
00000000
00110000
00110000
00000000
00000000
00000000
00110000
00110000
00000000
00000000
00000000
00000000
00000000
;:
00000000
00000000
00000000
00000000
00110000
00110000
00000000
00000000
00000000
00110000
00110000
00010000
00100000
00000000
00000000
00000000
<:
00000000
00000000
00001000
00011000
00110000
01100000
11000000
01100000
00110000
00011000
00001000
00000000
00000000
00000000
00000000
00000000
=:
00000000
00000000
00000000
00000000
00000000
11111100
00000000
11111100
00000000
00000000
00000000
00000000
00000000
00000000
00000000
00000000
>:
00000000
00000000
01000000
01100000
00110000
00011000
00001100
00011000
00110000
01100000
01000000
00000000
00000000
00000000
00000000
00000000
?:
00000000
00000000
01111000
11001100
11001100
00011000
00110000
00110000
00000000
00110000
00110000
00000000
00000000
00000000
00000000
00000000
@:
00000000
00000000
01111000
11001100
11001100
11011100
11011100
11011100
11000000
11000000
01111100
00000000
00000000
00000000
00000000
00000000
A:
00000000
00000000
01111000
11001100
11001100
11001100
11001100
11111100
11001100
11001100
11001100
00000000
00000000
00000000
00000000
00000000
B:
00000000
00000000
11111000
11001100
11001100
11001100
11111000
11001100
11001100
11001100
11111000
00000000
00000000
00000000
00000000
00000000
C:
00000000
00000000
01111000
11001100
11001100
11000000
11000000
11000000
11001100
11001100
01111000
00000000
00000000
00000000
00000000
00000000
D:
00000000
00000000
11111000
11001100
11001100
11001100
11001100
11001100
11001100
11001100
11111000
00000000
00000000
00000000
00000000
00000000
E:
00000000
00000000
11111100
11000000
11000000
11000000
11111000
11000000
11000000
11000000
11111100
00000000
00000000
00000000
00000000
00000000
F:
00000000
00000000
11111100
11000000
11000000
11000000
11111000
11000000
11000000
11000000
11000000
00000000
00000000
00000000
00000000
00000000
G:
00000000
00000000
01111000
11001100
11001100
11000000
11011100
11001100
11001100
11001100
01111000
00000000
00000000
00000000
00000000
00000000
H:
00000000
00000000
11001100
11001100
11001100
11001100
11111100
11001100
11001100
11001100
11001100
00000000
00000000
00000000
00000000
00000000
I:
00000000
00000000
11111100
00110000
00110000
00110000
00110000
00110000
00110000
00110000
11111100
00000000
00000000
00000000
00000000
00000000
J:
00000000
00000000
00111100
00001100
00001100
00001100
00001100
00001100
11001100
11001100
01111000
00000000
00000000
00000000
00000000
00000000
K:
00000000
00000000
11001100
11001100
11011000
11011000
11110000
11011000
11011000
11001100
11001100
00000000
00000000
00000000
00000000
00000000
L:
00000000
00000000
11000000
11000000
11000000
11000000
11000000
11000000
11000000
11000000
11111100
00000000
00000000
00000000
00000000
00000000
M:
00000000
00000000
10000010
11000110
11101110
11111110
11010110
11000110
11000110
11000110
11000110
00000000
00000000
00000000
00000000
00000000
N:
00000000
00000000
11001100
11001100
11101100
11101100
11011100
11011100
11001100
11001100
11001100
00000000
00000000
00000000
00000000
00000000
O:
00000000
00000000
01111000
11001100
11001100
11001100
11001100
11001100
11001100
11001100
01111000
00000000
00000000
00000000
00000000
00000000
P:
00000000
00000000
11111000
11001100
11001100
11001100
11111000
11000000
11000000
11000000
11000000
00000000
00000000
00000000
00000000
00000000
Q:
00000000
00000000
01111000
11001100
11001100
11001100
11001100
11001100
11001100
11001100
01111000
00110000
00011100
00000000
00000000
00000000
R:
00000000
00000000
11111000
11001100
11001100
11001100
11111000
11001100
11001100
11001100
11001100
00000000
00000000
00000000
00000000
00000000
S:
00000000
00000000
01111000
11001100
11001100
11000000
01111000
00001100
11001100
11001100
01111000
00000000
00000000
00000000
00000000
00000000
T:
00000000
00000000
11111100
00110000
00110000
00110000
00110000
00110000
00110000
00110000
00110000
00000000
00000000
00000000
00000000
00000000
U:
00000000
00000000
11001100
11001100
11001100
11001100
11001100
11001100
11001100
11001100
01111000
00000000
00000000
00000000
00000000
00000000
V:
00000000
00000000
11001100
11001100
11001100
11001100
11001100
01111000
01111000
00110000
00110000
00000000
00000000
00000000
00000000
00000000
W:
00000000
00000000
11000110
11000110
11010110
11010110
11010110
11010110
11010110
01101100
01101100
00000000
00000000
00000000
00000000
00000000
X:
00000000
00000000
11001100
11001100
01111000
01111000
00110000
01111000
01111000
11001100
11001100
00000000
00000000
00000000
00000000
00000000
Y:
00000000
00000000
11001100
11001100
11001100
11001100
01111000
00110000
00110000
00110000
00110000
00000000
00000000
00000000
00000000
00000000
Z:
00000000
00000000
11111100
00001100
00001100
00011000
00110000
01100000
11000000
11000000
11111100
00000000
00000000
00000000
00000000
00000000
[:
00000000
00000000
00111100
00110000
00110000
00110000
00110000
00110000
00110000
00110000
00111100
00000000
00000000
00000000
00000000
00000000
\:
00000000
00000000
11000000
11000000
01100000
01100000
00110000
00110000
00011000
00011000
00001100
00001100
00000000
00000000
00000000
00000000
]:
00000000
00000000
11110000
00110000
00110000
00110000
00110000
00110000
00110000
00110000
11110000
00000000
00000000
00000000
00000000
00000000
^:
00000000
00110000
01111000
11001100
10000100
00000000
00000000
00000000
00000000
00000000
00000000
00000000
00000000
00000000
00000000
00000000
_:
00000000
00000000
00000000
00000000
00000000
00000000
00000000
00000000
00000000
00000000
00000000
11111100
00000000
00000000
00000000
00000000
`:
00000000
00000000
11000000
01100000
00000000
00000000
00000000
00000000
00000000
00000000
00000000
00000000
00000000
00000000
00000000
00000000
a:
00000000
00000000
00000000
00000000
01111000
11001100
00001100
01111100
11001100
11001100
01111100
00000000
00000000
00000000
00000000
00000000
b:
00000000
00000000
11000000
11000000
11111000
11001100
11001100
11001100
11001100
11001100
11111000
00000000
00000000
00000000
00000000
00000000
c:
00000000
00000000
00000000
00000000
01111000
11001100
11001100
11000000
11001100
11001100
01111000
00000000
00000000
00000000
00000000
00000000
d:
00000000
00000000
00001100
00001100
01111100
11001100
11001100
11001100
11001100
11001100
01111100
00000000
00000000
00000000
00000000
00000000
e:
00000000
00000000
00000000
00000000
01111000
11001100
11001100
11111100
11000000
11001100
01111000
00000000
00000000
00000000
00000000
00000000
f:
00000000
00000000
00011100
00110000
00110000
11111100
00110000
00110000
00110000
00110000
00110000
00000000
00000000
00000000
00000000
00000000
g:
00000000
00000000
00000000
00000000
01111100
11001100
11001100
11001100
11001100
11001100
01111100
00001100
11001100
01111000
00000000
00000000
h:
00000000
00000000
11000000
11000000
11111000
11001100
11001100
11001100
11001100
11001100
11001100
00000000
00000000
00000000
00000000
00000000
i:
00000000
00110000
00110000
00000000
11110000
00110000
00110000
00110000
00110000
00110000
11111100
00000000
00000000
00000000
00000000
00000000
j:
00000000
00001100
00001100
00000000
00111100
00001100
00001100
00001100
00001100
00001100
00001100
00001100
11001100
01111000
00000000
00000000
k:
00000000
00000000
11000000
11000000
11001100
11001100
11011000
11110000
11011000
11001100
11001100
00000000
00000000
00000000
00000000
00000000
l:
00000000
00000000
11110000
00110000
00110000
00110000
00110000
00110000
00110000
00110000
11111100
00000000
00000000
00000000
00000000
00000000
m:
00000000
00000000
00000000
00000000
11101100
11111110
11010110
11010110
11010110
11010110
11000110
00000000
00000000
00000000
00000000
00000000
n:
00000000
00000000
00000000
00000000
11111000
11001100
11001100
11001100
11001100
11001100
11001100
00000000
00000000
00000000
00000000
00000000
o:
00000000
00000000
00000000
00000000
01111000
11001100
11001100
11001100
11001100
11001100
01111000
00000000
00000000
00000000
00000000
00000000
p:
00000000
00000000
00000000
00000000
11111000
11001100
11001100
11001100
11001100
11001100
11111000
11000000
11000000
11000000
00000000
00000000
q:
00000000
00000000
00000000
00000000
01111100
11001100
11001100
11001100
11001100
11001100
01111100
00001100
00001100
00001100
00000000
00000000
r:
00000000
00000000
00000000
00000000
11111000
11001100
11001100
11000000
11000000
11000000
11000000
00000000
00000000
00000000
00000000
00000000
s:
00000000
00000000
00000000
00000000
01111000
11001100
11000000
01111000
00001100
11001100
01111000
00000000
00000000
00000000
00000000
00000000
t:
00000000
00000000
00110000
00110000
11111100
00110000
00110000
00110000
00110000
00110000
00011100
00000000
00000000
00000000
00000000
00000000
u:
00000000
00000000
00000000
00000000
11001100
11001100
11001100
11001100
11001100
11001100
01111100
00000000
00000000
00000000
00000000
00000000
v:
00000000
00000000
00000000
00000000
11001100
11001100
11001100
01111000
01111000
00110000
00110000
00000000
00000000
00000000
00000000
00000000
w:
00000000
00000000
00000000
00000000
11000110
11010110
11010110
11010110
11010110
01101100
01101100
00000000
00000000
00000000
00000000
00000000
x:
00000000
00000000
00000000
00000000
11001100
11001100
01111000
00110000
01111000
11001100
11001100
00000000
00000000
00000000
00000000
00000000
y:
00000000
00000000
00000000
00000000
11001100
11001100
11001100
11001100
11001100
11001100
01111100
00001100
11001100
01111000
00000000
00000000
z:
00000000
00000000
00000000
00000000
11111100
00001100
00011000
00110000
01100000
11000000
11111100
00000000
00000000
00000000
00000000
00000000
{:
00000000
00000000
00011100
00110000
00110000
00110000
01100000
00110000
00110000
00110000
00011100
00000000
00000000
00000000
00000000
00000000
|:
00000000
00000000
00110000
00110000
00110000
00110000
00110000
00110000
00110000
00110000
00110000
00000000
00000000
00000000
00000000
00000000
}:
00000000
00000000
11100000
00110000
00110000
00110000
00011000
00110000
00110000
00110000
11100000
00000000
00000000
00000000
00000000
00000000
~:
00000000
00000000
00000000
00000000
00000000
00000000
01110110
11011100
00000000
00000000
00000000
00000000
00000000
00000000
00000000
00000000
 :
00000000
00000000
00000000
00000000
00000000
00000000
00000000
00000000
00000000
00000000
00000000
00000000
00000000
00000000
00000000
00000000
