00000000
00000000
00000000
00000000
00000000
00000000
00000000
00000000
00000000
00000000
00000000
00000000
00000000
00000000
00000000
00000000
00000000
00110000
01111000
01111000
01111000
00110000
00110000
00110000
00000000
00110000
00110000
00000000
00000000
00000000
00000000
00000000
00000000
00000000
11011000
11011000
01001000
10010000
00000000
00000000
00000000
00000000
00000000
00000000
00000000
00000000
00000000
00000000
00000000
00000000
01101100
01101100
11111110
01101100
01101100
01101100
11111110
01101100
01101100
00000000
00000000
00000000
00000000
00000000
00110000
00110000
01111000
11001100
11001100
11000000
01111000
00001100
11001100
11001100
01111000
00110000
00110000
00000000
00000000
00000000
00000000
00000000
01100000
10010010
10010100
01101000
00010000
00101100
01010010
10010010
00001100
00000000
00000000
00000000
00000000
00000000
00000000
00000000
00111000
01101100
01101100
00111000
01110000
11011110
11001100
11001100
01110110
00000000
00000000
00000000
00000000
00000000
00000000
00000000
11000000
11000000
01000000
10000000
00000000
00000000
00000000
00000000
00000000
00000000
00000000
00000000
00000000
00000000
00000000
00000000
00001100
00011000
00110000
00110000
00110000
00110000
00110000
00011000
00001100
00000000
00000000
00000000
00000000
00000000
00000000
00000000
11000000
01100000
00110000
00110000
00110000
00110000
00110000
01100000
11000000
00000000
00000000
00000000
00000000
00000000
00000000
00000000
00000000
00000000
01100110
00111100
11111111
00111100
01100110
00000000
00000000
00000000
00000000
00000000
00000000
00000000
00000000
00000000
00000000
00000000
00110000
00110000
11111100
00110000
00110000
00000000
00000000
00000000
00000000
00000000
00000000
00000000
00000000
00000000
00000000
00000000
00000000
00000000
00000000
00000000
00000000
11000000
11000000
01000000
10000000
00000000
00000000
00000000
00000000
00000000
00000000
00000000
00000000
00000000
11111100
00000000
00000000
00000000
00000000
00000000
00000000
00000000
00000000
00000000
00000000
00000000
00000000
00000000
00000000
00000000
00000000
00000000
00000000
11000000
11000000
00000000
00000000
00000000
00000000
00000000
00000000
00000000
00001100
00001100
00011000
00011000
00110000
00110000
01100000
01100000
11000000
11000000
00000000
00000000
00000000
00000000
00000000
00000000
01111000
11001100
11011100
11011100
11111100
11101100
11101100
11001100
01111000
00000000
00000000
00000000
00000000
00000000
00000000
00000000
00110000
11110000
00110000
00110000
00110000
00110000
00110000
00110000
11111100
00000000
00000000
00000000
00000000
00000000
00000000
00000000
01111000
11001100
11001100
00001100
00011000
00110000
01100000
11000000
11111100
00000000
00000000
00000000
00000000
00000000
00000000
00000000
01111000
11001100
11001100
00001100
00111000
00001100
11001100
11001100
01111000
00000000
00000000
00000000
00000000
00000000
00000000
00000000
00001100
00011100
00111100
01101100
11001100
11001100
11111100
00001100
00001100
00000000
00000000
00000000
00000000
00000000
00000000
00000000
11111100
11000000
11000000
11000000
11111000
00001100
11001100
11001100
01111000
00000000
00000000
00000000
00000000
00000000
00000000
00000000
00111100
01100000
11000000
11000000
11111000
11001100
11001100
11001100
01111000
00000000
00000000
00000000
00000000
00000000
00000000
00000000
11111100
00001100
00001100
00011000
00011000
00110000
00110000
00110000
00110000
00000000
00000000
00000000
00000000
00000000
00000000
00000000
01111000
11001100
11001100
11001100
01111000
11001100
11001100
11001100
01111000
00000000
00000000
00000000
00000000
00000000
00000000
00000000
01111000
11001100
11001100
11001100
01111100
00001100
00001100
00011000
01110000
00000000
00000000
00000000
00000000
00000000
00000000
00000000
00000000
00000000
00110000
00110000
00000000
00000000
00000000
00110000
00110000
00000000
00000000
00000000
00000000
00000000
00000000
00000000
00000000
00000000
00110000
00110000
00000000
00000000
00000000
00110000
00110000
00010000
00100000
00000000
00000000
00000000
00000000
00000000
00001000
00011000
00110000
01100000
11000000
01100000
00110000
00011000
00001000
00000000
00000000
00000000
00000000
00000000
00000000
00000000
00000000
00000000
00000000
11111100
00000000
11111100
00000000
00000000
00000000
00000000
00000000
00000000
00000000
00000000
00000000
00000000
01000000
01100000
00110000
00011000
00001100
00011000
00110000
01100000
01000000
00000000
00000000
00000000
00000000
00000000
00000000
00000000
01111000
11001100
11001100
00011000
00110000
00110000
00000000
00110000
00110000
00000000
00000000
00000000
00000000
00000000
00000000
00000000
01111000
11001100
11001100
11011100
11011100
11011100
11000000
11000000
01111100
00000000
00000000
00000000
00000000
00000000
00000000
00000000
01111000
11001100
11001100
11001100
11001100
11111100
11001100
11001100
11001100
00000000
00000000
00000000
00000000
00000000
00000000
00000000
11111000
11001100
11001100
11001100
11111000
11001100
11001100
11001100
11111000
00000000
00000000
00000000
00000000
00000000
00000000
00000000
01111000
11001100
11001100
11000000
11000000
11000000
11001100
11001100
01111000
00000000
00000000
00000000
00000000
00000000
00000000
00000000
11111000
11001100
11001100
11001100
11001100
11001100
11001100
11001100
11111000
00000000
00000000
00000000
00000000
00000000
00000000
00000000
11111100
11000000
11000000
11000000
11111000
11000000
11000000
11000000
11111100
00000000
00000000
00000000
00000000
00000000
00000000
00000000
11111100
11000000
11000000
11000000
11111000
11000000
11000000
11000000
11000000
00000000
00000000
00000000
00000000
00000000
00000000
00000000
01111000
11001100
11001100
11000000
11011100
11001100
11001100
11001100
01111000
00000000
00000000
00000000
00000000
00000000
00000000
00000000
11001100
11001100
11001100
11001100
11111100
11001100
11001100
11001100
11001100
00000000
00000000
00000000
00000000
00000000
00000000
00000000
11111100
00110000
00110000
00110000
00110000
00110000
00110000
00110000
11111100
00000000
00000000
00000000
00000000
00000000
00000000
00000000
00111100
00001100
00001100
00001100
00001100
00001100
11001100
11001100
01111000
00000000
00000000
00000000
00000000
00000000
00000000
00000000
11001100
11001100
11011000
11011000
11110000
11011000
11011000
11001100
11001100
00000000
00000000
00000000
00000000
00000000
00000000
00000000
11000000
11000000
11000000
11000000
11000000
11000000
11000000
11000000
11111100
00000000
00000000
00000000
00000000
00000000
00000000
00000000
10000010
11000110
11101110
11111110
11010110
11000110
11000110
11000110
11000110
00000000
00000000
00000000
00000000
00000000
00000000
00000000
11001100
11001100
11101100
11101100
11011100
11011100
11001100
11001100
11001100
00000000
00000000
00000000
00000000
00000000
00000000
00000000
01111000
11001100
11001100
11001100
11001100
11001100
11001100
11001100
01111000
00000000
00000000
00000000
00000000
00000000
00000000
00000000
11111000
11001100
11001100
11001100
11111000
11000000
11000000
11000000
11000000
00000000
00000000
00000000
00000000
00000000
00000000
00000000
01111000
11001100
11001100
11001100
11001100
11001100
11001100
11001100
01111000
00110000
00011100
00000000
00000000
00000000
00000000
00000000
11111000
11001100
11001100
11001100
11111000
11001100
11001100
11001100
11001100
00000000
00000000
00000000
00000000
00000000
00000000
00000000
01111000
11001100
11001100
11000000
01111000
00001100
11001100
11001100
01111000
00000000
00000000
00000000
00000000
00000000
00000000
00000000
11111100
00110000
00110000
00110000
00110000
00110000
00110000
00110000
00110000
00000000
00000000
00000000
00000000
00000000
00000000
00000000
11001100
11001100
11001100
11001100
11001100
11001100
11001100
11001100
01111000
00000000
00000000
00000000
00000000
00000000
00000000
00000000
11001100
11001100
11001100
11001100
11001100
01111000
01111000
00110000
00110000
00000000
00000000
00000000
00000000
00000000
00000000
00000000
11000110
11000110
11010110
11010110
11010110
11010110
11010110
01101100
01101100
00000000
00000000
00000000
00000000
00000000
00000000
00000000
11001100
11001100
01111000
01111000
00110000
01111000
01111000
11001100
11001100
00000000
00000000
00000000
00000000
00000000
00000000
00000000
11001100
11001100
11001100
11001100
01111000
00110000
00110000
00110000
00110000
00000000
00000000
00000000
00000000
00000000
00000000
00000000
11111100
00001100
00001100
00011000
00110000
01100000
11000000
11000000
11111100
00000000
00000000
00000000
00000000
00000000
00000000
00000000
00111100
00110000
00110000
00110000
00110000
00110000
00110000
00110000
00111100
00000000
00000000
00000000
00000000
00000000
00000000
00000000
11000000
11000000
01100000
01100000
00110000
00110000
00011000
00011000
00001100
00001100
00000000
00000000
00000000
00000000
00000000
00000000
11110000
00110000
00110000
00110000
00110000
00110000
00110000
00110000
11110000
00000000
00000000
00000000
00000000
00000000
00000000
00110000
01111000
11001100
10000100
00000000
00000000
00000000
00000000
00000000
00000000
00000000
00000000
00000000
00000000
00000000
00000000
00000000
00000000
00000000
00000000
00000000
00000000
00000000
00000000
00000000
00000000
11111100
00000000
00000000
00000000
00000000
00000000
00000000
11000000
01100000
00000000
00000000
00000000
00000000
00000000
00000000
00000000
00000000
00000000
00000000
00000000
00000000
00000000
00000000
00000000
00000000
01111000
11001100
00001100
01111100
11001100
11001100
01111100
00000000
00000000
00000000
00000000
00000000
00000000
00000000
11000000
11000000
11111000
11001100
11001100
11001100
11001100
11001100
11111000
00000000
00000000
00000000
00000000
00000000
00000000
00000000
00000000
00000000
01111000
11001100
11001100
11000000
11001100
11001100
01111000
00000000
00000000
00000000
00000000
00000000
00000000
00000000
00001100
00001100
01111100
11001100
11001100
11001100
11001100
11001100
01111100
00000000
00000000
00000000
00000000
00000000
00000000
00000000
00000000
00000000
01111000
11001100
11001100
11111100
11000000
11001100
01111000
00000000
00000000
00000000
00000000
00000000
00000000
00000000
00011100
00110000
00110000
11111100
00110000
00110000
00110000
00110000
00110000
00000000
00000000
00000000
00000000
00000000
00000000
00000000
00000000
00000000
01111100
11001100
11001100
11001100
11001100
11001100
01111100
00001100
11001100
01111000
00000000
00000000
00000000
00000000
11000000
11000000
11111000
11001100
11001100
11001100
11001100
11001100
11001100
00000000
00000000
00000000
00000000
00000000
00000000
00110000
00110000
00000000
11110000
00110000
00110000
00110000
00110000
00110000
11111100
00000000
00000000
00000000
00000000
00000000
00000000
00001100
00001100
00000000
00111100
00001100
00001100
00001100
00001100
00001100
00001100
00001100
11001100
01111000
00000000
00000000
00000000
00000000
11000000
11000000
11001100
11001100
11011000
11110000
11011000
11001100
11001100
00000000
00000000
00000000
00000000
00000000
00000000
00000000
11110000
00110000
00110000
00110000
00110000
00110000
00110000
00110000
11111100
00000000
00000000
00000000
00000000
00000000
00000000
00000000
00000000
00000000
11101100
11111110
11010110
11010110
11010110
11010110
11000110
00000000
00000000
00000000
00000000
00000000
00000000
00000000
00000000
00000000
11111000
11001100
11001100
11001100
11001100
11001100
11001100
00000000
00000000
00000000
00000000
00000000
00000000
00000000
00000000
00000000
01111000
11001100
11001100
11001100
11001100
11001100
01111000
00000000
00000000
00000000
00000000
00000000
00000000
00000000
00000000
00000000
11111000
11001100
11001100
11001100
11001100
11001100
11111000
11000000
11000000
11000000
00000000
00000000
00000000
00000000
00000000
00000000
01111100
11001100
11001100
11001100
11001100
11001100
01111100
00001100
00001100
00001100
00000000
00000000
00000000
00000000
00000000
00000000
11111000
11001100
11001100
11000000
11000000
11000000
11000000
00000000
00000000
00000000
00000000
00000000
00000000
00000000
00000000
00000000
01111000
11001100
11000000
01111000
00001100
11001100
01111000
00000000
00000000
00000000
00000000
00000000
00000000
00000000
00110000
00110000
11111100
00110000
00110000
00110000
00110000
00110000
00011100
00000000
00000000
00000000
00000000
00000000
00000000
00000000
00000000
00000000
11001100
11001100
11001100
11001100
11001100
11001100
01111100
00000000
00000000
00000000
00000000
00000000
00000000
00000000
00000000
00000000
11001100
11001100
11001100
01111000
01111000
00110000
00110000
00000000
00000000
00000000
00000000
00000000
00000000
00000000
00000000
00000000
11000110
11010110
11010110
11010110
11010110
01101100
01101100
00000000
00000000
00000000
00000000
00000000
00000000
00000000
00000000
00000000
11001100
11001100
01111000
00110000
01111000
11001100
11001100
00000000
00000000
00000000
00000000
00000000
00000000
00000000
00000000
00000000
11001100
11001100
11001100
11001100
11001100
11001100
01111100
00001100
11001100
01111000
00000000
00000000
00000000
00000000
00000000
00000000
11111100
00001100
00011000
00110000
01100000
11000000
11111100
00000000
00000000
00000000
00000000
00000000
00000000
00000000
00011100
00110000
00110000
00110000
01100000
00110000
00110000
00110000
00011100
00000000
00000000
00000000
00000000
00000000
00000000
00000000
00110000
00110000
00110000
00110000
00110000
00110000
00110000
00110000
00110000
00000000
00000000
00000000
00000000
00000000
00000000
00000000
11100000
00110000
00110000
00110000
00011000
00110000
00110000
00110000
11100000
00000000
00000000
00000000
00000000
00000000
00000000
00000000
00000000
00000000
00000000
00000000
01110110
11011100
00000000
00000000
00000000
00000000
00000000
00000000
00000000
00000000
00000000
00000000
00000000
00000000
00000000
00000000
00000000
00000000
00000000
00000000
00000000
00000000
00000000
00000000
00000000
00000000