01010011
01110101
01110000
01100001
01110010
01100101
01110010
01101011
00100000
01010000
01101111
01100011
01101000
01100011
01101000
01101111
01101110
01100111
01100100
01100101
01100011
01101000
00100000
00100000
00100000
00100000
00100000
00100000
00100000
00100000
00100000
00100000
00100000
00100000
00100000
00100000
00100000
00100000
00100000
00100000
01001011
01100001
01110010
01101110
01101011
01101001
01110100
01110100
01101001
00100000
01001011
01101001
01110100
01110100
01101001
01101011
01100001
01101101
01110010
01101111
01101110
00100000
00100000
00100000
00100000
00100000
00100000
00100000
00100000
00100000
00100000
00100000
00100000
00100000
00100000
00100000
00100000
00100000
00100000
00100000
01001110
01100001
01110100
01100011
01101000
01100001
00100000
01001101
01100001
01101110
01100001
01110011
01110101
01101110
01110100
01101111
01110010
01101110
00100000
00100000
00100000
00100000
00100000
00100000
00100000
00100000
00100000
00100000
00100000
00100000
00100000
00100000
00100000
00100000
00100000
00100000
00100000
00100000
00100000
00100000
01011001
01100001
01101110
01101001
01101011
01100001
00100000
01000100
01101111
01101110
01110100
01101111
01101110
01100111
00100000
00100000
00100000
00100000
00100000
00100000
00100000
00100000
00100000
00100000
00100000
00100000
00100000
00100000
00100000
00100000
00100000
00100000
00100000
00100000
00100000
00100000
00100000
00100000
00100000
00100000
01001110
01100001
01110100
01110100
01101000
01100001
01101110
01101111
01101110
00100000
01001101
01100001
01101110
01101111
01110000
00100000
00100000
00100000
00100000
00100000
00100000
00100000
00100000
00100000
00100000
00100000
00100000
00100000
00100000
00100000
00100000
00100000
00100000
00100000
00100000
00100000
00100000
00100000
00100000
00100000